// MilkShape 3D ASCII

Frames: 30
Frame: 1

Meshes: 2
"Arrow" 0 0
78
0 1.500000 21.000000 0.000000 0.544734 0.059122 -1
0 1.500000 28.000000 0.000000 0.544734 0.000000 -1
0 -1.500000 28.000000 0.000000 0.543998 0.000000 -1
0 -1.500000 21.000000 0.000000 0.543998 0.059122 -1
0 -8.000000 21.500000 0.000000 0.542404 0.054899 -1
0 -4.000000 18.500000 0.000000 0.543385 0.080236 -1
0 -1.500000 4.000000 0.000000 0.543998 0.202703 -1
0 0.000000 5.000000 0.000000 0.544366 0.194257 -1
0 -4.000000 9.000000 0.000000 0.543385 0.160473 -1
0 -4.000000 6.500000 0.000000 0.543385 0.181588 -1
0 1.500000 4.000000 0.000000 0.544734 0.202703 -1
0 4.000000 6.500000 0.000000 0.545347 0.181588 -1
0 4.000000 9.000000 0.000000 0.545347 0.160473 -1
0 4.000000 18.500000 0.000000 0.545347 0.080236 -1
0 8.000000 21.500000 0.000000 0.546328 0.054899 -1
0 4.000000 -5.000000 0.000000 0.545347 0.278716 -1
0 19.500000 5.000000 0.000000 0.549148 0.194257 -1
0 18.500000 10.000000 0.000000 0.548903 0.152027 -1
0 10.000000 0.000000 0.000000 0.546819 0.236486 -1
0 8.500000 -6.000000 0.000000 0.546451 0.287162 -1
0 5.500000 -6.000000 0.000000 0.545715 0.287162 -1
0 0.000000 -9.000000 0.000000 0.544366 0.312500 -1
0 1.500000 -10.000000 0.000000 0.544734 0.320946 -1
0 -1.500000 -10.000000 0.000000 0.543998 0.320946 -1
0 -4.000000 -5.000000 0.000000 0.543385 0.278716 -1
0 -5.500000 -6.000000 0.000000 0.543017 0.287162 -1
0 -10.000000 0.000000 0.000000 0.541914 0.236486 -1
0 -8.500000 -6.000000 0.000000 0.542282 0.287162 -1
0 -18.500000 10.000000 0.000000 0.539829 0.152027 -1
0 -19.500000 5.000000 0.000000 0.539584 0.194257 -1
0 -23.500000 10.000000 0.000000 0.538603 0.152027 -1
0 -22.000000 5.000000 0.000000 0.538971 0.194257 -1
0 -28.000000 5.500000 0.000000 0.537500 0.190034 -1
0 -23.000000 4.000000 0.000000 0.538726 0.202703 -1
0 -23.000000 1.500000 0.000000 0.538726 0.223818 -1
0 -28.000000 0.500000 0.000000 0.537500 0.232264 -1
0 0.000000 -27.500000 0.000000 0.544366 0.468750 -1
0 0.000000 -21.500000 0.000000 0.544366 0.418074 -1
0 28.000000 0.500000 0.000000 0.551233 0.232264 -1
0 23.000000 1.500000 0.000000 0.550007 0.223818 -1
0 28.000000 5.500000 0.000000 0.551233 0.190034 -1
0 23.000000 4.000000 0.000000 0.550007 0.202703 -1
0 23.500000 10.000000 0.000000 0.550129 0.152027 -1
0 22.000000 5.000000 0.000000 0.549761 0.194257 -1
0 1.500000 21.000000 -0.000000 0.503271 0.001033 -1
0 -1.500000 21.000000 -0.000000 0.503014 0.001033 -1
0 -4.000000 18.500000 -0.000000 0.502800 0.001033 -1
0 4.000000 18.500000 -0.000000 0.503485 0.001033 -1
0 -4.000000 9.000000 0.000000 0.502800 0.001033 -1
0 4.000000 9.000000 0.000000 0.503485 0.001033 -1
0 0.000000 5.000000 0.000000 0.503271 0.001033 -1
0 1.500000 4.000000 -0.000000 0.510899 0.001033 -1
0 4.000000 -5.000000 0.000000 0.511113 0.001033 -1
0 4.000000 6.500000 -0.000000 0.511113 0.001033 -1
0 0.000000 -9.000000 0.000000 0.510899 0.001033 -1
0 -1.500000 4.000000 -0.000000 0.510642 0.001033 -1
0 0.000000 -9.000000 0.000000 0.510642 0.001033 -1
0 -4.000000 6.500000 -0.000000 0.510428 0.001033 -1
0 -4.000000 -5.000000 0.000000 0.510428 0.001033 -1
0 -1.500000 -10.000000 -0.000000 0.519033 0.001033 -1
0 0.000000 -21.500000 -0.000000 0.519161 0.001033 -1
0 1.500000 -10.000000 -0.000000 0.519289 0.001033 -1
0 8.500000 -6.000000 -0.000000 0.519889 0.001033 -1
0 -8.500000 -6.000000 -0.000000 0.518433 0.001033 -1
0 23.000000 4.000000 -0.000000 0.521130 0.001033 -1
0 22.000000 5.000000 -0.000000 0.521045 0.001033 -1
0 19.500000 5.000000 -0.000000 0.520831 0.001033 -1
0 23.000000 1.500000 -0.000000 0.521130 0.001033 -1
0 -19.500000 5.000000 -0.000000 0.517491 0.001033 -1
0 -22.000000 5.000000 -0.000000 0.517277 0.001033 -1
0 -23.000000 4.000000 -0.000000 0.517191 0.001033 -1
0 -23.000000 1.500000 -0.000000 0.517191 0.001033 -1
0 5.500000 -6.000000 0.000000 0.519632 0.001033 -1
0 -5.500000 -6.000000 0.000000 0.518690 0.001033 -1
0 8.000000 0.000000 0.000000 0.546328 0.236486 -1
0 -8.000000 0.000000 0.000000 0.542404 0.236486 -1
0 -10.000000 1.500000 0.000000 0.541914 0.223818 -1
0 10.000000 1.500000 0.000000 0.546819 0.223818 -1
1
0.000000 0.000000 1.000000
72
0 0 1 2 0 0 0 1
0 2 3 0 0 0 0 1
0 3 2 4 0 0 0 1
0 3 4 5 0 0 0 1
0 6 7 8 0 0 0 1
0 8 9 6 0 0 0 1
0 10 7 7 0 0 0 1
0 6 10 7 0 0 0 1
0 11 12 7 0 0 0 1
0 10 11 7 0 0 0 1
0 13 14 1 0 0 0 1
0 13 1 0 0 0 0 1
0 14 13 15 0 0 0 1
0 16 17 18 0 0 0 1
0 19 16 18 0 0 0 1
0 20 19 18 0 0 0 1
0 15 20 18 0 0 0 1
0 21 22 20 0 0 0 1
0 15 21 20 0 0 0 1
0 23 22 21 0 0 0 1
0 24 25 23 0 0 0 1
0 24 23 21 0 0 0 1
0 26 25 24 0 0 0 1
0 26 27 25 0 0 0 1
0 28 29 27 0 0 0 1
0 27 26 28 0 0 0 1
0 28 30 29 0 0 0 1
0 30 31 29 0 0 0 1
0 32 33 31 0 0 0 1
0 31 30 32 0 0 0 1
0 32 34 33 0 0 0 1
0 32 35 34 0 0 0 1
0 36 37 34 0 0 0 1
0 34 35 36 0 0 0 1
0 36 38 39 0 0 0 1
0 36 39 37 0 0 0 1
0 38 40 39 0 0 0 1
0 40 41 39 0 0 0 1
0 42 43 41 0 0 0 1
0 42 41 40 0 0 0 1
0 16 43 42 0 0 0 1
0 16 42 17 0 0 0 1
0 44 45 46 0 0 0 1
0 46 47 44 0 0 0 1
0 48 49 47 0 0 0 1
0 48 47 46 0 0 0 1
0 48 50 49 0 0 0 1
0 51 52 53 0 0 0 1
0 54 52 51 0 0 0 1
0 54 51 55 0 0 0 1
0 56 55 57 0 0 0 1
0 57 58 56 0 0 0 1
0 59 60 61 0 0 0 1
0 60 62 61 0 0 0 1
0 60 59 63 0 0 0 1
0 64 65 66 0 0 0 1
0 66 67 64 0 0 0 1
0 68 69 70 0 0 0 1
0 68 70 71 0 0 0 1
0 60 63 68 0 0 0 1
0 68 71 60 0 0 0 1
0 66 62 60 0 0 0 1
0 60 67 66 0 0 0 1
0 61 62 72 0 0 0 1
0 59 73 63 0 0 0 1
0 15 18 74 0 0 0 1
0 14 15 74 0 0 0 1
0 26 24 75 0 0 0 1
0 75 24 5 0 0 0 1
0 5 4 75 0 0 0 1
0 26 76 28 0 0 0 1
0 17 77 18 0 0 0 1
"Frame" 0 0
34
3 1.500000 28.000000 0.000000 0.128125 0.266667 -1
3 2.000000 30.000000 0.000000 0.129167 0.250000 -1
3 -2.000000 30.000000 0.000000 0.120833 0.250000 -1
3 -1.500000 28.000000 0.000000 0.121875 0.266667 -1
3 8.000000 21.500000 0.000000 0.141667 0.320833 -1
3 10.000000 22.000000 0.000000 0.145833 0.316667 -1
3 10.000000 0.000000 0.000000 0.145833 0.500000 -1
3 18.500000 10.000000 0.000000 0.163542 0.416667 -1
3 18.000000 12.000000 0.000000 0.162500 0.400000 -1
3 10.000000 4.000000 0.000000 0.145833 0.466666 -1
3 23.500000 10.000000 0.000000 0.173958 0.416667 -1
3 24.000000 12.000000 0.000000 0.175000 0.400000 -1
3 -18.500000 10.000000 0.000000 0.086458 0.416667 -1
3 -10.000000 4.000000 0.000000 0.104167 0.466666 -1
3 -18.000000 12.000000 0.000000 0.087500 0.400000 -1
3 -10.000000 0.000000 0.000000 0.104167 0.500000 -1
3 -8.000000 21.500000 0.000000 0.108333 0.320833 -1
3 -10.000000 22.000000 0.000000 0.104167 0.316667 -1
3 28.000000 5.500000 0.000000 0.183333 0.454166 -1
3 30.000000 6.000000 0.000000 0.187500 0.450000 -1
3 30.000000 0.000000 0.000000 0.187500 0.500000 -1
3 28.000000 0.500000 0.000000 0.183333 0.495833 -1
3 0.000000 -27.500000 0.000000 0.125000 0.729166 -1
3 0.000000 -30.000000 0.000000 0.125000 0.750000 -1
3 -28.000000 0.500000 0.000000 0.066667 0.495833 -1
3 -30.000000 0.000000 0.000000 0.062500 0.500000 -1
3 -28.000000 5.500000 0.000000 0.066667 0.454166 -1
3 -30.000000 6.000000 0.000000 0.062500 0.450000 -1
3 -23.500000 10.000000 0.000000 0.076042 0.416667 -1
3 -24.000000 12.000000 0.000000 0.075000 0.400000 -1
3 8.000000 0.000000 0.000000 0.141667 0.500000 -1
3 -8.000000 0.000000 0.000000 0.108333 0.500000 -1
3 -10.000000 1.500000 0.000000 0.104167 0.487500 -1
3 10.000000 1.500000 0.000000 0.145833 0.487500 -1
1
0.000000 0.000000 1.000000
30
0 0 1 2 0 0 0 1
0 3 0 2 0 0 0 1
0 4 5 1 0 0 0 1
0 1 0 4 0 0 0 1
0 5 4 6 0 0 0 1
0 7 8 9 0 0 0 1
0 10 11 8 0 0 0 1
0 8 7 10 0 0 0 1
0 12 13 14 0 0 0 1
0 15 16 17 0 0 0 1
0 16 3 2 0 0 0 1
0 16 2 17 0 0 0 1
0 18 19 11 0 0 0 1
0 11 10 18 0 0 0 1
0 20 19 18 0 0 0 1
0 18 21 20 0 0 0 1
0 22 23 20 0 0 0 1
0 20 21 22 0 0 0 1
0 22 24 25 0 0 0 1
0 25 23 22 0 0 0 1
0 26 27 25 0 0 0 1
0 25 24 26 0 0 0 1
0 28 29 27 0 0 0 1
0 27 26 28 0 0 0 1
0 12 14 29 0 0 0 1
0 29 28 12 0 0 0 1
0 4 30 6 0 0 0 1
0 15 31 16 0 0 0 1
0 32 13 12 0 0 0 1
0 7 9 33 0 0 0 1

Materials: 1
"mipmap"
0.200000 0.200000 0.200000 1.000000
0.800000 0.800000 0.800000 1.000000
0.000000 0.000000 0.000000 1.000000
0.000000 0.000000 0.000000 1.000000
128.000000
1.000000
"textures\Tap Note parts (mipmaps).ini
""

Bones: 0
GroupComments: 0
MaterialComments: 0
BoneComments: 0
ModelComment: 0
