// MilkShape 3D ASCII

Frames: 30
Frame: 1

Meshes: 2
"red" 0 0
17
0 0.000000 0.000000 -1.000000 0.308600 0.752000 -1
0 -11.379168 -4.712500 -1.000004 -0.000000 0.752000 -1
0 -8.873334 -8.873334 -1.000004 -0.000000 0.752000 -1
0 -4.712500 -11.379168 -1.000008 -0.000000 0.752000 -1
0 0.000000 -12.551667 -1.000008 -0.000000 0.752000 -1
0 4.712500 -11.379168 -1.000008 -0.000000 0.752000 -1
0 8.873334 -8.873334 -1.000004 -0.000000 0.752000 -1
0 11.379168 -4.712500 -1.000004 -0.000000 0.752000 -1
0 12.551667 0.000000 -1.000000 -0.000000 0.752000 -1
0 11.379168 4.712500 -0.999996 -0.000000 0.752000 -1
0 8.873334 8.873334 -0.999996 -0.000000 0.752000 -1
0 4.712500 11.379168 -0.999992 -0.000000 0.752000 -1
0 0.000000 12.551667 -0.999992 -0.000000 0.752000 -1
0 -4.712500 11.379168 -0.999992 -0.000000 0.752000 -1
0 -8.873334 8.873334 -0.999996 -0.000000 0.752000 -1
0 -11.379168 4.712500 -0.999996 -0.000000 0.752000 -1
0 -12.551667 0.000000 -1.000000 -0.000000 0.752000 -1
1
0.000000 -0.000000 1.000000
16
0 0 1 2 0 0 0 1
0 0 3 4 0 0 0 1
0 0 5 6 0 0 0 1
0 0 7 8 0 0 0 1
0 0 9 10 0 0 0 1
0 0 11 12 0 0 0 1
0 0 13 14 0 0 0 1
0 0 14 15 0 0 0 1
0 13 0 12 0 0 0 1
0 15 16 0 0 0 0 1
0 1 0 16 0 0 0 1
0 3 0 2 0 0 0 1
0 5 0 4 0 0 0 1
0 7 0 6 0 0 0 1
0 9 0 8 0 0 0 1
0 11 0 10 0 0 0 1
"mine" 1 1
72
1 16.873676 0.423606 7.220973 0.850500 0.245900 0
1 15.991208 4.795560 7.220976 0.832200 0.200500 0
1 6.880689 0.428622 0.035691 0.642900 0.245900 0
1 14.413095 8.904943 7.220976 0.799400 0.157900 0
1 5.776950 3.872279 0.035692 0.620000 0.210100 0
1 6.492279 2.231137 0.035691 0.634900 0.227200 0
1 11.572217 12.151866 7.220979 0.740400 0.124100 0
1 8.231382 14.836138 7.220982 0.671000 0.096300 0
1 3.197927 6.197128 0.035694 0.566400 0.186000 0
1 4.606176 5.177380 0.035694 0.595700 0.196600 0
1 4.028089 16.257639 7.220982 0.583700 0.081500 0
1 -0.343864 16.953993 7.220982 0.492900 0.074300 0
1 -0.348877 6.961015 0.035694 0.492800 0.178000 0
1 1.453636 6.761433 0.035694 0.530200 0.180100 0
1 -4.715816 16.071526 7.220982 0.402000 0.083400 0
1 -8.825201 14.493416 7.220979 0.316700 0.099800 0
1 -3.792532 5.857276 0.035694 0.421200 0.189500 0
1 -2.151391 6.572604 0.035694 0.455300 0.182100 0
1 -12.072124 11.652539 7.220979 0.249200 0.129300 0
1 -14.756394 8.311706 7.220976 0.193500 0.164000 0
1 -6.117381 3.278254 0.035692 0.372900 0.216300 0
1 -5.097634 4.686503 0.035694 0.394100 0.201700 0
1 -16.177898 4.108413 7.220974 0.164000 0.207700 0
1 -16.874254 -0.263541 7.220973 0.149500 0.253100 0
1 -6.881268 -0.268551 0.035691 0.357100 0.253100 0
1 -6.681685 1.533964 0.035691 0.361200 0.234400 0
1 -15.991787 -4.635495 7.220971 0.167800 0.298500 0
1 -14.413672 -8.744879 7.220969 0.200600 0.341200 0
1 -5.777528 -3.712208 0.035689 0.380000 0.288900 0
1 -6.492858 -2.071065 0.035690 0.365100 0.271900 0
1 -11.572795 -11.991805 7.220967 0.259600 0.374900 0
1 -8.231961 -14.676075 7.220965 0.329000 0.402800 0
1 -3.198506 -6.037056 0.035688 0.433600 0.313000 0
1 -4.606755 -5.017308 0.035688 0.404300 0.302500 0
1 -4.028668 -16.097580 7.220965 0.416300 0.417500 0
1 0.343285 -16.793934 7.220965 0.507100 0.424800 0
1 0.348297 -6.800941 0.035688 0.507200 0.321000 0
1 -1.454217 -6.601361 0.035688 0.469800 0.318900 0
1 4.715238 -15.911463 7.220965 0.597900 0.415600 0
1 8.824622 -14.333351 7.220965 0.683300 0.399200 0
1 3.791953 -5.697202 0.035688 0.578800 0.309500 0
1 2.150812 -6.412531 0.035688 0.544700 0.316900 0
1 12.071547 -11.492471 7.220968 0.750800 0.369700 0
1 14.755816 -8.151638 7.220969 0.806500 0.335000 0
1 6.116802 -3.118181 0.035689 0.627100 0.282700 0
1 5.097054 -4.526429 0.035688 0.605900 0.297400 0
1 16.177320 -3.948349 7.220972 0.836000 0.291400 0
1 6.681106 -1.373890 0.035691 0.638800 0.264600 0
1 21.694124 -6.384494 7.220971 0.950600 0.316700 0
1 22.861378 -0.466461 7.220973 0.974900 0.255200 0
1 19.500269 -11.908672 7.220967 0.905100 0.374000 0
1 15.652746 -16.342566 7.220965 0.825100 0.420100 0
1 11.057144 -19.953318 7.220963 0.729700 0.457600 0
1 5.371253 -21.910412 7.220963 0.611600 0.477900 0
1 -0.546781 -22.781635 7.220962 0.488600 0.487000 0
1 -6.464816 -21.614384 7.220963 0.365700 0.474800 0
1 -11.988995 -19.420530 7.220963 0.251000 0.452000 0
1 -16.422888 -15.573006 7.220965 0.158900 0.412100 0
1 -20.033644 -10.977400 7.220968 0.083900 0.364400 0
1 -21.990730 -5.291509 7.220971 0.043200 0.305300 0
1 -22.861958 0.626526 7.220973 0.025100 0.243800 0
1 -21.694704 6.544562 7.220976 0.049400 0.182400 0
1 -19.500847 12.068742 7.220979 0.094900 0.125000 0
1 -15.653322 16.502630 7.220982 0.174800 0.078900 0
1 -11.057722 20.113384 7.220984 0.270300 0.041400 0
1 -5.371831 22.070477 7.220985 0.388400 0.021100 0
1 0.546204 22.941698 7.220985 0.511300 0.012100 0
1 6.464238 21.774445 7.220984 0.634300 0.024200 0
1 11.988416 19.580587 7.220984 0.749000 0.047000 0
1 16.422308 15.733065 7.220982 0.841100 0.086900 0
1 20.033064 11.137464 7.220979 0.916100 0.134700 0
1 21.990154 5.451573 7.220976 0.956800 0.193700 0
73
-0.600300 0.014200 0.799600
-0.567000 -0.180200 0.803800
-0.582100 -0.061000 0.810800
-0.491900 -0.332600 0.804600
-0.474600 -0.341900 0.811000
-0.556200 -0.191400 0.808700
-0.400200 -0.439500 0.804200
-0.258600 -0.534200 0.804800
-0.237500 -0.534900 0.810800
-0.384100 -0.444300 0.809300
-0.128200 -0.580900 0.803800
-0.065700 -0.602700 0.795200
0.031100 -0.583800 0.811300
-0.112300 -0.577300 0.808800
0.180200 -0.567000 0.803800
0.332600 -0.491900 0.804600
0.341900 -0.474600 0.811000
0.191400 -0.556200 0.808700
0.439500 -0.400200 0.804200
0.534200 -0.258600 0.804800
0.534900 -0.237500 0.810800
0.444300 -0.384100 0.809300
0.580900 -0.128300 0.803800
0.592500 0.043100 0.804400
0.582100 0.061000 0.810800
0.577300 -0.112300 0.808800
0.567000 0.180200 0.803800
0.491900 0.332600 0.804600
0.474600 0.341900 0.811000
0.556200 0.191400 0.808700
0.400200 0.439500 0.804200
0.258600 0.534200 0.804800
0.237500 0.534900 0.810800
0.384100 0.444300 0.809300
0.128200 0.580900 0.803800
-0.043100 0.592500 0.804400
-0.061000 0.582100 0.810800
0.112300 0.577300 0.808800
-0.180200 0.567000 0.803800
-0.332600 0.491900 0.804600
-0.341900 0.474600 0.811000
-0.191400 0.556200 0.808700
-0.439500 0.400200 0.804200
-0.534200 0.258600 0.804800
-0.534900 0.237500 0.810800
-0.444300 0.384100 0.809300
-0.580900 0.128200 0.803800
-0.577300 0.112300 0.808800
0.000000 0.000000 1.000000
0.007400 0.014400 0.999900
0.016500 0.028300 0.999500
0.013000 -0.030900 0.999400
0.014200 0.009200 0.999900
0.029100 0.016000 0.999400
0.016100 0.000700 0.999900
0.033500 -0.000300 0.999400
0.014400 -0.007400 0.999900
0.028300 -0.016500 0.999500
0.009200 -0.014200 0.999900
0.016000 -0.029100 0.999400
0.000700 -0.016100 0.999900
-0.000300 -0.033500 0.999400
-0.007400 -0.014400 0.999900
-0.016500 -0.028300 0.999500
-0.014200 -0.009200 0.999900
-0.029100 -0.016000 0.999400
-0.016100 -0.000700 0.999900
0.084200 -0.000100 0.996400
-0.014400 0.007400 0.999900
-0.028300 0.016500 0.999500
-0.009200 0.014200 0.999900
-0.016000 0.029100 0.999400
-0.000700 0.016100 0.999900
96
1 0 1 2 0 1 2 1
1 3 4 5 3 4 5 1
1 3 6 4 3 6 4 1
1 7 8 9 7 8 9 1
1 7 10 8 7 10 8 1
1 11 12 13 11 12 13 1
1 11 14 12 11 14 12 1
1 15 16 17 15 16 17 1
1 15 18 16 15 18 16 1
1 19 20 21 19 20 21 1
1 19 22 20 19 22 20 1
1 23 24 25 23 24 25 1
1 23 26 24 23 26 24 1
1 27 28 29 27 28 29 1
1 27 30 28 27 30 28 1
1 31 32 33 31 32 33 1
1 31 34 32 31 34 32 1
1 35 36 37 35 36 37 1
1 35 38 36 35 38 36 1
1 39 40 41 39 40 41 1
1 39 42 40 39 42 40 1
1 43 44 45 43 44 45 1
1 43 46 44 43 46 44 1
1 0 2 47 0 2 47 1
1 44 46 47 44 46 47 1
1 46 0 47 46 0 47 1
1 40 42 45 40 42 45 1
1 42 43 45 42 43 45 1
1 36 38 41 36 38 41 1
1 38 39 41 38 39 41 1
1 32 34 37 32 34 37 1
1 34 35 37 34 35 37 1
1 28 30 33 28 30 33 1
1 30 31 33 30 31 33 1
1 24 26 29 24 26 29 1
1 26 27 29 26 27 29 1
1 20 22 25 20 22 25 1
1 22 23 25 22 23 25 1
1 16 18 21 16 18 21 1
1 18 19 21 18 19 21 1
1 12 14 17 12 14 17 1
1 14 15 17 14 15 17 1
1 8 10 13 8 10 13 1
1 10 11 13 10 11 13 1
1 4 6 9 4 6 9 1
1 6 7 9 6 7 9 1
1 2 1 5 2 1 5 1
1 1 3 5 1 3 5 1
1 48 46 43 48 49 50 1
1 48 49 46 48 48 49 1
1 49 0 46 48 51 49 1
1 50 48 43 48 48 50 1
1 51 42 39 48 52 53 1
1 51 50 42 48 48 52 1
1 50 43 42 48 50 52 1
1 52 51 39 48 48 53 1
1 53 38 35 48 54 55 1
1 53 52 38 48 48 54 1
1 52 39 38 48 53 54 1
1 54 53 35 48 48 55 1
1 55 34 31 48 56 57 1
1 55 54 34 48 48 56 1
1 54 35 34 48 55 56 1
1 56 55 31 48 48 57 1
1 57 30 27 48 58 59 1
1 57 56 30 48 48 58 1
1 56 31 30 48 57 58 1
1 58 57 27 48 48 59 1
1 59 26 23 48 60 61 1
1 59 58 26 48 48 60 1
1 58 27 26 48 59 60 1
1 60 59 23 48 48 61 1
1 61 22 19 48 62 63 1
1 61 60 22 48 48 62 1
1 60 23 22 48 61 62 1
1 62 61 19 48 48 63 1
1 63 18 15 48 64 65 1
1 63 62 18 48 48 64 1
1 62 19 18 48 63 64 1
1 64 63 15 48 48 65 1
1 65 14 11 48 66 67 1
1 65 64 14 48 48 66 1
1 64 15 14 48 65 66 1
1 66 65 11 48 48 67 1
1 67 10 7 48 68 69 1
1 67 66 10 48 48 68 1
1 66 11 10 48 67 68 1
1 68 67 7 48 48 69 1
1 69 6 3 48 70 71 1
1 69 68 6 48 48 70 1
1 68 7 6 48 69 70 1
1 70 69 3 48 48 71 1
1 71 1 0 48 72 51 1
1 71 70 1 48 48 72 1
1 70 3 1 48 71 72 1
1 49 71 0 48 48 51 1

Materials: 2
"red"
0.200000 0.200000 0.200000 1.000000
0.800000 0.800000 0.800000 1.000000
0.000000 0.000000 0.000000 1.000000
0.000000 0.000000 0.000000 1.000000
0.128000
1.000000
"_mine ani tex.ini"
""
"mine"
0.200000 0.200000 0.200000 1.000000
0.800000 0.800000 0.800000 1.000000
0.000000 0.000000 0.000000 1.000000
0.000000 0.000000 0.000000 1.000000
0.128000
1.000000
"_mine tex.png"
""

Bones: 1
"joint1"
""
24 0.000000 0.000000 0.000000 0.000000 -0.000000 0.000000
2
1.000000 0.000000 0.000000 0.000000
120.000000 0.000000 0.000000 0.000000
3
1.000000 0.000000 -0.000000 0.000000
60.000000 0.000000 -0.000000 3.100000
120.000000 0.000000 0.000000 -0.083185
GroupComments: 0
MaterialComments: 0
BoneComments: 0
ModelComment: 0
