// MilkShape 3D ASCII

Frames: 30
Frame: 1

Meshes: 2
"Arrow" 0 0
48
0 1.500000 21.000000 0.000000 0.000000 0.059122 -1
0 1.500000 28.000000 0.000000 0.000000 0.000000 -1
0 -1.500000 28.000000 0.000000 0.000000 0.000000 -1
0 -1.500000 21.000000 0.000000 0.000000 0.059122 -1
0 -8.000000 21.500000 0.000000 0.000000 0.054899 -1
0 -4.000000 18.500000 0.000000 0.000000 0.080236 -1
0 -1.500000 4.000000 0.000000 0.000000 0.202703 -1
0 0.000000 5.000000 0.000000 0.000000 0.194257 -1
0 -4.000000 9.000000 0.000000 0.000000 0.160473 -1
0 -4.000000 6.500000 0.000000 0.000000 0.181588 -1
0 1.500000 4.000000 0.000000 0.000000 0.202703 -1
0 4.000000 6.500000 0.000000 0.000000 0.181588 -1
0 4.000000 9.000000 0.000000 0.000000 0.160473 -1
0 4.000000 18.500000 0.000000 0.000000 0.080236 -1
0 8.000000 21.500000 0.000000 0.000000 0.054899 -1
0 4.000000 -5.000000 0.000000 0.000000 0.278716 -1
0 19.500000 5.000000 0.000000 0.000000 0.194257 -1
0 18.500000 10.000000 0.000000 0.000000 0.152027 -1
0 10.000000 0.000000 0.000000 0.000000 0.236486 -1
0 8.500000 -6.000000 0.000000 0.000000 0.287162 -1
0 5.500000 -6.000000 0.000000 0.000000 0.287162 -1
0 0.000000 -9.000000 0.000000 0.000000 0.312500 -1
0 1.500000 -10.000000 0.000000 0.000000 0.320946 -1
0 -1.500000 -10.000000 0.000000 0.000000 0.320946 -1
0 -4.000000 -5.000000 0.000000 0.000000 0.278716 -1
0 -5.500000 -6.000000 0.000000 0.000000 0.287162 -1
0 -10.000000 0.000000 0.000000 0.000000 0.236486 -1
0 -8.500000 -6.000000 0.000000 0.000000 0.287162 -1
0 -18.500000 10.000000 0.000000 0.000000 0.152027 -1
0 -19.500000 5.000000 0.000000 0.000000 0.194257 -1
0 -23.500000 10.000000 0.000000 0.000000 0.152027 -1
0 -22.000000 5.000000 0.000000 0.000000 0.194257 -1
0 -28.000000 5.500000 0.000000 0.000000 0.190034 -1
0 -23.000000 4.000000 0.000000 0.000000 0.202703 -1
0 -23.000000 1.500000 0.000000 0.000000 0.223818 -1
0 -28.000000 0.500000 0.000000 0.000000 0.232264 -1
0 0.000000 -27.500000 0.000000 0.000000 0.468750 -1
0 0.000000 -21.500000 0.000000 0.000000 0.418074 -1
0 28.000000 0.500000 0.000000 0.000000 0.232264 -1
0 23.000000 1.500000 0.000000 0.000000 0.223818 -1
0 28.000000 5.500000 0.000000 0.000000 0.190034 -1
0 23.000000 4.000000 0.000000 0.000000 0.202703 -1
0 23.500000 10.000000 0.000000 0.000000 0.152027 -1
0 22.000000 5.000000 0.000000 0.000000 0.194257 -1
0 8.000000 0.000000 0.000000 0.000000 0.236486 -1
0 -8.000000 0.000000 0.000000 0.000000 0.236486 -1
0 -10.000000 1.500000 0.000000 0.000000 0.223818 -1
0 10.000000 1.500000 0.000000 0.000000 0.223818 -1
1
0.000000 0.000000 1.000000
49
0 0 1 2 0 0 0 1
0 2 3 0 0 0 0 1
0 3 2 4 0 0 0 1
0 3 4 5 0 0 0 1
0 6 7 8 0 0 0 1
0 8 9 6 0 0 0 1
0 10 7 7 0 0 0 1
0 6 10 7 0 0 0 1
0 11 12 7 0 0 0 1
0 10 11 7 0 0 0 1
0 13 14 1 0 0 0 1
0 13 1 0 0 0 0 1
0 14 13 15 0 0 0 1
0 16 17 18 0 0 0 1
0 19 16 18 0 0 0 1
0 20 19 18 0 0 0 1
0 15 20 18 0 0 0 1
0 21 22 20 0 0 0 1
0 15 21 20 0 0 0 1
0 23 22 21 0 0 0 1
0 24 25 23 0 0 0 1
0 24 23 21 0 0 0 1
0 26 25 24 0 0 0 1
0 26 27 25 0 0 0 1
0 28 29 27 0 0 0 1
0 27 26 28 0 0 0 1
0 28 30 29 0 0 0 1
0 30 31 29 0 0 0 1
0 32 33 31 0 0 0 1
0 31 30 32 0 0 0 1
0 32 34 33 0 0 0 1
0 32 35 34 0 0 0 1
0 36 37 34 0 0 0 1
0 34 35 36 0 0 0 1
0 36 38 39 0 0 0 1
0 36 39 37 0 0 0 1
0 38 40 39 0 0 0 1
0 40 41 39 0 0 0 1
0 42 43 41 0 0 0 1
0 42 41 40 0 0 0 1
0 16 43 42 0 0 0 1
0 16 42 17 0 0 0 1
0 15 18 44 0 0 0 1
0 14 15 44 0 0 0 1
0 26 24 45 0 0 0 1
0 45 24 5 0 0 0 1
0 5 4 45 0 0 0 1
0 26 46 28 0 0 0 1
0 17 47 18 0 0 0 1
"Frame" 0 1
64
0 1.500000 28.000000 0.000000 0.761963 0.250000 -1
0 2.000000 30.000000 0.000000 0.765625 0.234375 -1
0 -2.000000 30.000000 0.000000 0.736328 0.234375 -1
0 -1.500000 28.000000 0.000000 0.739990 0.250000 -1
0 8.000000 21.500000 0.000000 0.809570 0.300781 -1
0 10.000000 22.000000 0.000000 0.824219 0.296875 -1
0 10.000000 0.000000 0.000000 0.824219 0.468750 -1
0 18.500000 10.000000 0.000000 0.886475 0.390625 -1
0 18.000000 12.000000 0.000000 0.882813 0.375000 -1
0 10.000000 4.000000 0.000000 0.824219 0.437500 -1
0 23.500000 10.000000 0.000000 0.923096 0.390625 -1
0 24.000000 12.000000 0.000000 0.926758 0.375000 -1
0 -18.500000 10.000000 0.000000 0.615479 0.390625 -1
0 -10.000000 4.000000 0.000000 0.677734 0.437500 -1
0 -18.000000 12.000000 0.000000 0.619141 0.375000 -1
0 -10.000000 0.000000 0.000000 0.677734 0.468750 -1
0 -8.000000 21.500000 0.000000 0.692383 0.300781 -1
0 -10.000000 22.000000 0.000000 0.677734 0.296875 -1
0 28.000000 5.500000 0.000000 0.956055 0.425781 -1
0 30.000000 6.000000 0.000000 0.970703 0.421875 -1
0 30.000000 0.000000 0.000000 0.970703 0.468750 -1
0 28.000000 0.500000 0.000000 0.956055 0.464844 -1
0 0.000000 -27.500000 0.000000 0.750977 0.683594 -1
0 0.000000 -30.000000 0.000000 0.750977 0.703125 -1
0 -28.000000 0.500000 0.000000 0.545898 0.464844 -1
0 -30.000000 0.000000 0.000000 0.531250 0.468750 -1
0 -28.000000 5.500000 0.000000 0.545898 0.425781 -1
0 -30.000000 6.000000 0.000000 0.531250 0.421875 -1
0 -23.500000 10.000000 0.000000 0.578857 0.390625 -1
0 -24.000000 12.000000 0.000000 0.575195 0.375000 -1
0 8.000000 0.000000 0.000000 0.809570 0.468750 -1
0 -8.000000 0.000000 0.000000 0.692383 0.468750 -1
0 -10.000000 1.500000 0.000000 0.677734 0.457031 -1
0 10.000000 1.500000 0.000000 0.824219 0.457031 -1
0 1.500000 21.000000 -0.000000 0.061865 0.001033 -1
0 -1.500000 21.000000 -0.000000 0.061608 0.001033 -1
0 -4.000000 18.500000 -0.000000 0.061394 0.001033 -1
0 4.000000 18.500000 -0.000000 0.062079 0.001033 -1
0 -4.000000 9.000000 0.000000 0.061394 0.001033 -1
0 4.000000 9.000000 0.000000 0.062079 0.001033 -1
0 0.000000 5.000000 0.000000 0.061865 0.001033 -1
0 1.500000 4.000000 -0.000000 0.198399 0.001033 -1
0 4.000000 -5.000000 0.000000 0.198613 0.001033 -1
0 4.000000 6.500000 -0.000000 0.198613 0.001033 -1
0 0.000000 -9.000000 0.000000 0.198399 0.001033 -1
0 -1.500000 4.000000 -0.000000 0.198142 0.001033 -1
0 0.000000 -9.000000 0.000000 0.198142 0.001033 -1
0 -4.000000 6.500000 -0.000000 0.197928 0.001033 -1
0 -4.000000 -5.000000 0.000000 0.197928 0.001033 -1
0 -1.500000 -10.000000 -0.000000 0.315908 0.001033 -1
0 0.000000 -21.500000 -0.000000 0.316036 0.001033 -1
0 1.500000 -10.000000 -0.000000 0.316164 0.001033 -1
0 8.500000 -6.000000 -0.000000 0.316764 0.001033 -1
0 -8.500000 -6.000000 -0.000000 0.315308 0.001033 -1
0 23.000000 4.000000 -0.000000 0.318005 0.001033 -1
0 22.000000 5.000000 -0.000000 0.317920 0.001033 -1
0 19.500000 5.000000 -0.000000 0.317706 0.001033 -1
0 23.000000 1.500000 -0.000000 0.318005 0.001033 -1
0 -19.500000 5.000000 -0.000000 0.314366 0.001033 -1
0 -22.000000 5.000000 -0.000000 0.314152 0.001033 -1
0 -23.000000 4.000000 -0.000000 0.314066 0.001033 -1
0 -23.000000 1.500000 -0.000000 0.314066 0.001033 -1
0 5.500000 -6.000000 0.000000 0.316507 0.001033 -1
0 -5.500000 -6.000000 0.000000 0.315565 0.001033 -1
1
0.000000 0.000000 1.000000
53
0 0 1 2 0 0 0 1
0 3 0 2 0 0 0 1
0 4 5 1 0 0 0 1
0 1 0 4 0 0 0 1
0 5 4 6 0 0 0 1
0 7 8 9 0 0 0 1
0 10 11 8 0 0 0 1
0 8 7 10 0 0 0 1
0 12 13 14 0 0 0 1
0 15 16 17 0 0 0 1
0 16 3 2 0 0 0 1
0 16 2 17 0 0 0 1
0 18 19 11 0 0 0 1
0 11 10 18 0 0 0 1
0 20 19 18 0 0 0 1
0 18 21 20 0 0 0 1
0 22 23 20 0 0 0 1
0 20 21 22 0 0 0 1
0 22 24 25 0 0 0 1
0 25 23 22 0 0 0 1
0 26 27 25 0 0 0 1
0 25 24 26 0 0 0 1
0 28 29 27 0 0 0 1
0 27 26 28 0 0 0 1
0 12 14 29 0 0 0 1
0 29 28 12 0 0 0 1
0 4 30 6 0 0 0 1
0 15 31 16 0 0 0 1
0 32 13 12 0 0 0 1
0 7 9 33 0 0 0 1
0 34 35 36 0 0 0 1
0 36 37 34 0 0 0 1
0 38 39 37 0 0 0 1
0 38 37 36 0 0 0 1
0 38 40 39 0 0 0 1
0 41 42 43 0 0 0 1
0 44 42 41 0 0 0 1
0 44 41 45 0 0 0 1
0 46 45 47 0 0 0 1
0 47 48 46 0 0 0 1
0 49 50 51 0 0 0 1
0 50 52 51 0 0 0 1
0 50 49 53 0 0 0 1
0 54 55 56 0 0 0 1
0 56 57 54 0 0 0 1
0 58 59 60 0 0 0 1
0 58 60 61 0 0 0 1
0 50 53 58 0 0 0 1
0 58 61 50 0 0 0 1
0 56 52 50 0 0 0 1
0 50 57 56 0 0 0 1
0 51 52 62 0 0 0 1
0 49 63 53 0 0 0 1

Materials: 2
"Colours"
0.200000 0.200000 0.200000 1.000000
0.800000 0.800000 0.800000 1.000000
0.000000 0.000000 0.000000 1.000000
0.000000 0.000000 0.000000 1.000000
0.000000
1.000000
"textures\colours.ini"
""
"Frame"
0.200000 0.200000 0.200000 1.000000
0.800000 0.800000 0.800000 1.000000
0.000000 0.000000 0.000000 1.000000
0.000000 0.000000 0.000000 1.000000
0.000000
1.000000
"textures\frame.ini"
""

Bones: 0
GroupComments: 0
MaterialComments: 0
BoneComments: 0
ModelComment: 0
