// MilkShape 3D ASCII

Frames: 30
Frame: 1

Meshes: 2
"cells" 1 1
77
1 0.000000 -31.071068 0.000163 0.006081 0.055883 -1
1 32.071068 1.000000 0.000163 0.009453 0.042723 -1
1 0.000000 -28.242641 3.011776 0.006081 0.054724 -1
1 29.242641 1.000000 3.011776 0.009155 0.042723 -1
1 19.000000 14.071068 0.000163 0.008078 0.037359 -1
1 19.000000 11.242641 3.011776 0.008078 0.038520 -1
1 11.000000 6.071067 0.000163 0.007323 0.040642 -1
1 9.000000 1.242640 3.011776 0.007113 0.042548 -1
1 11.000000 30.000000 0.000163 0.007323 0.030823 -1
1 9.000000 28.000000 3.011776 0.007113 0.031643 -1
1 -11.000000 30.000000 0.000163 0.004838 0.030823 -1
1 -9.000000 28.000000 3.011776 0.005048 0.031643 -1
1 -11.000000 6.071067 0.000163 0.004838 0.040642 -1
1 -9.000000 1.242640 3.011776 0.005048 0.042548 -1
1 -19.000000 14.071068 0.000163 0.004083 0.037359 -1
1 -19.000000 11.242641 3.011776 0.004083 0.038520 -1
1 -32.071068 1.000000 0.000163 0.002708 0.042723 -1
1 -29.242641 1.000000 3.011776 0.003006 0.042723 -1
1 0.000000 -28.242641 -3.011452 0.006081 0.054724 -1
1 29.242641 1.000000 -3.011452 0.009155 0.042723 -1
1 19.000000 11.242641 -3.011452 0.008078 0.038520 -1
1 9.000000 1.242640 -3.011452 0.007113 0.042548 -1
1 9.000000 28.000000 -3.011452 0.007113 0.031643 -1
1 -9.000000 28.000000 -3.011452 0.005048 0.031643 -1
1 -9.000000 1.242640 -3.011452 0.005048 0.042548 -1
1 -19.000000 11.242641 -3.011452 0.004083 0.038520 -1
1 -29.242641 1.000000 -3.011452 0.003006 0.042723 -1
1 0.000000 -28.242641 3.011776 0.123275 0.948597 -1
1 29.242641 1.000000 3.011776 0.239318 0.480852 -1
1 0.000000 -24.000000 7.500001 0.123275 0.880735 -1
1 25.000000 1.000000 7.500001 0.222482 0.480852 -1
1 19.000000 11.242641 3.011776 0.198672 0.317017 -1
1 19.000000 7.000000 7.500001 0.198672 0.384880 -1
1 9.000000 1.242640 3.011776 0.158989 0.476971 -1
1 6.000000 -6.000000 7.500001 0.147084 0.592819 -1
1 9.000000 28.000000 3.011776 0.158989 0.048978 -1
1 6.000000 25.000000 7.500001 0.147084 0.096964 -1
1 -9.000000 28.000000 3.011776 0.087560 0.048978 -1
1 -6.000000 25.000000 7.500001 0.099465 0.096964 -1
1 -9.000000 1.242640 3.011776 0.087560 0.476971 -1
1 -6.000000 -6.000000 7.500001 0.099465 0.592819 -1
1 -19.000000 11.242641 3.011776 0.047877 0.317017 -1
1 -19.000000 7.000000 7.500001 0.047877 0.384880 -1
1 -29.242641 1.000000 3.011776 0.007232 0.480852 -1
1 -25.000000 1.000000 7.500001 0.024068 0.480852 -1
1 0.003530 -23.438393 7.499528 0.123289 0.871752 -1
1 24.219559 0.792938 7.499528 0.219384 0.484163 -1
1 19.000000 6.000001 7.499528 0.198672 0.400875 -1
1 -18.986691 6.000001 7.499528 0.047930 0.400875 -1
1 -24.206251 0.792942 7.499528 0.027217 0.484163 -1
1 29.242641 1.000000 -3.011452 0.239318 0.480852 -1
1 0.000000 -28.242641 -3.011452 0.123275 0.948597 -1
1 0.000000 -24.000000 -7.499676 0.123275 0.880735 -1
1 25.000000 1.000000 -7.499676 0.222482 0.480852 -1
1 19.000000 11.242641 -3.011452 0.198672 0.317017 -1
1 19.000000 7.000000 -7.499676 0.198672 0.384880 -1
1 9.000000 1.242640 -3.011452 0.158989 0.476971 -1
1 6.000000 -6.000000 -7.499676 0.147084 0.592819 -1
1 9.000000 28.000000 -3.011452 0.158989 0.048978 -1
1 6.000000 25.000000 -7.499676 0.147084 0.096964 -1
1 -9.000000 28.000000 -3.011452 0.087560 0.048978 -1
1 -6.000000 25.000000 -7.499676 0.099465 0.096964 -1
1 -9.000000 1.242640 -3.011452 0.087560 0.476971 -1
1 -6.000000 -6.000000 -7.499676 0.099465 0.592819 -1
1 -19.000000 11.242641 -3.011452 0.047877 0.317017 -1
1 -19.000000 7.000000 -7.499676 0.047877 0.384880 -1
1 -29.242641 1.000000 -3.011452 0.007232 0.480852 -1
1 -25.000000 1.000000 -7.499676 0.024068 0.480852 -1
1 0.003530 -23.438393 -7.499203 0.123289 0.871752 -1
1 24.219559 0.792938 -7.499203 0.219384 0.484163 -1
1 19.000000 6.000001 -7.499203 0.198672 0.400875 -1
1 -18.986691 6.000001 -7.499203 0.047930 0.400875 -1
1 -24.206251 0.792942 -7.499203 0.027217 0.484163 -1
1 6.006060 -7.009003 -7.500000 0.147108 0.608958 -1
1 -6.013940 -7.009003 -7.499998 0.099409 0.608958 -1
1 -6.013940 -7.009003 7.500000 0.099409 0.608958 -1
1 6.006060 -7.009003 7.500000 0.147108 0.608958 -1
77
-0.316228 -0.948683 0.000000
0.948683 -0.316228 0.000000
0.236107 -0.708319 0.665235
0.708319 0.236107 0.665235
0.316228 0.948683 0.000000
-0.236107 0.708319 0.665235
-0.281085 0.959683 0.000000
0.521736 0.285347 0.803971
0.894427 0.447214 0.000000
0.333905 0.667810 0.665235
-0.447214 0.894427 0.000000
-0.667810 0.333905 0.665235
-0.877355 0.479841 0.000000
0.167152 0.570694 0.803971
0.316228 0.948683 0.000000
-0.236106 0.708319 0.665235
-0.948683 0.316228 0.000000
-0.708319 -0.236107 0.665235
0.236107 -0.708320 -0.665234
0.708320 0.236107 -0.665234
-0.236107 0.708320 -0.665235
0.521736 0.285347 -0.803970
0.333905 0.667810 -0.665235
-0.667810 0.333905 -0.665235
0.167152 0.570694 -0.803970
-0.236107 0.708320 -0.665234
-0.708320 -0.236107 -0.665234
-0.235428 -0.706283 0.667637
0.706283 -0.235428 0.667637
0.117196 -0.350616 0.929157
0.350672 0.117271 0.929127
0.235428 0.706283 0.667637
-0.117125 0.350805 0.929095
-0.166452 0.568302 0.805808
0.278136 0.151923 0.948451
0.665890 0.332945 0.667637
0.332945 0.665890 0.667637
-0.332945 0.665890 0.667637
-0.665890 0.332945 0.667637
-0.519549 0.284151 0.805808
0.088939 0.303988 0.948515
0.235428 0.706283 0.667637
-0.143003 0.428769 0.892024
-0.706283 0.235428 0.667637
-0.350752 -0.117060 0.929123
-0.000278 0.000836 1.000000
-0.000592 -0.000043 1.000000
0.000013 -0.000316 1.000000
0.000106 -0.000355 1.000000
0.000705 0.000390 1.000000
0.706282 -0.235427 -0.667637
-0.235427 -0.706282 -0.667637
0.117196 -0.350616 -0.929157
0.350672 0.117271 -0.929127
0.235427 0.706282 -0.667637
-0.117125 0.350805 -0.929095
-0.166452 0.568301 -0.805808
0.278062 0.152007 -0.948459
0.665890 0.332945 -0.667637
0.332945 0.665890 -0.667637
-0.332945 0.665890 -0.667637
-0.665890 0.332945 -0.667637
-0.519549 0.284151 -0.805808
0.089011 0.304060 -0.948485
0.235428 0.706283 -0.667637
-0.143003 0.428769 -0.892024
-0.706282 0.235428 -0.667637
-0.350751 -0.117060 -0.929123
-0.000278 0.000836 -1.000000
-0.000592 -0.000043 -1.000000
-0.000086 -0.000209 -1.000000
0.000179 -0.000276 -1.000000
0.000705 0.000390 -1.000000
-0.000258 0.000319 -1.000000
0.000255 0.000315 -1.000000
-0.000036 0.000000 1.000000
0.000037 -0.000001 1.000000
96
1 0 1 2 0 1 2 5
1 1 3 2 1 3 2 5
1 1 4 3 1 4 3 5
1 4 5 3 4 5 3 5
1 4 6 5 4 6 5 5
1 6 7 5 6 7 5 5
1 6 8 7 6 8 7 5
1 8 9 7 8 9 7 5
1 8 10 9 8 10 9 5
1 10 11 9 10 11 9 5
1 10 12 11 10 12 11 5
1 12 13 11 12 13 11 5
1 12 14 13 12 14 13 5
1 14 15 13 14 15 13 5
1 14 16 15 14 16 15 5
1 16 17 15 16 17 15 5
1 16 0 17 16 0 17 5
1 0 2 17 0 2 17 5
1 1 0 18 1 0 18 5
1 19 1 18 19 1 18 5
1 4 1 19 4 1 19 5
1 20 4 19 20 4 19 5
1 6 4 20 6 4 20 5
1 21 6 20 21 6 20 5
1 8 6 21 8 6 21 5
1 22 8 21 22 8 21 5
1 10 8 22 10 8 22 5
1 23 10 22 23 10 22 5
1 12 10 23 12 10 23 5
1 24 12 23 24 12 23 5
1 14 12 24 14 12 24 5
1 25 14 24 25 14 24 5
1 16 14 25 16 14 25 5
1 26 16 25 26 16 25 5
1 0 16 26 0 16 26 5
1 18 0 26 18 0 26 5
1 27 28 29 27 28 29 5
1 28 30 29 28 30 29 5
1 28 31 30 28 31 30 5
1 31 32 30 31 32 30 5
1 31 33 32 31 33 32 5
1 33 34 32 33 34 32 5
1 33 35 34 33 35 34 5
1 35 36 34 35 36 34 5
1 35 37 36 35 37 36 5
1 37 38 36 37 38 36 5
1 37 39 38 37 39 38 5
1 39 40 38 39 40 38 5
1 39 41 40 39 41 40 5
1 41 42 40 41 42 40 5
1 41 43 42 41 43 42 5
1 43 44 42 43 44 42 5
1 43 27 44 43 27 44 5
1 27 29 44 27 29 44 5
1 45 29 30 45 29 30 5
1 45 30 46 45 30 46 5
1 46 30 32 46 30 32 5
1 46 32 47 46 32 47 5
1 48 42 44 48 42 44 5
1 48 44 49 48 44 49 5
1 49 44 29 49 44 29 5
1 49 29 45 49 29 45 5
1 50 51 52 50 51 52 5
1 53 50 52 53 50 52 5
1 54 50 53 54 50 53 5
1 55 54 53 55 54 53 5
1 56 54 55 56 54 55 5
1 57 56 55 57 56 55 5
1 58 56 57 58 56 57 5
1 59 58 57 59 58 57 5
1 60 58 59 60 58 59 5
1 61 60 59 61 60 59 5
1 62 60 61 62 60 61 5
1 63 62 61 63 62 61 5
1 64 62 63 64 62 63 5
1 65 64 63 65 64 63 5
1 66 64 65 66 64 65 5
1 67 66 65 67 66 65 5
1 51 66 67 51 66 67 5
1 52 51 67 52 51 67 5
1 52 68 53 52 68 53 5
1 53 68 69 53 68 69 5
1 53 69 55 53 69 55 5
1 55 69 70 55 69 70 5
1 65 71 67 65 71 67 5
1 67 71 72 67 71 72 5
1 67 72 52 67 72 52 5
1 52 72 68 52 72 68 5
1 70 73 57 70 73 57 5
1 57 55 70 57 55 70 5
1 63 74 71 63 74 71 5
1 71 65 63 71 65 63 5
1 42 48 40 42 48 40 5
1 40 48 75 40 48 75 5
1 34 76 47 34 76 47 5
1 47 32 34 47 32 34 5
"scroller" 0 0
24
0 0.003530 -12.972013 7.499528 0.553205 0.752422 -1
0 0.003530 -23.438393 7.499528 0.558454 0.859485 -1
0 24.219559 0.792938 7.499528 0.557986 0.373106 -1
0 19.000000 6.000001 7.499528 0.552862 0.371264 -1
0 6.006312 24.996647 7.499848 0.536908 0.304369 -1
0 0.003543 24.996647 7.499848 0.534050 0.362718 -1
0 0.006705 -12.935379 7.499525 0.553190 0.752250 -1
0 6.006312 -7.000127 7.499848 0.553076 0.633043 -1
0 -24.206251 0.792942 7.499528 0.557986 0.373106 -1
0 -18.986691 6.000001 7.499528 0.552862 0.371264 -1
0 -6.002801 24.996647 7.499848 0.536908 0.304369 -1
0 -6.002801 -7.000127 7.499848 0.553076 0.633043 -1
0 0.003530 -23.438393 -7.499203 0.558454 0.859485 -1
0 0.003530 -12.972013 -7.499203 0.553205 0.752422 -1
0 24.219559 0.792938 -7.499203 0.557986 0.373106 -1
0 19.000000 6.000001 -7.499203 0.552862 0.371264 -1
0 0.003543 24.996647 -7.499523 0.534050 0.362718 -1
0 6.006312 24.996647 -7.499523 0.536908 0.304369 -1
0 0.006705 -12.935379 -7.499200 0.553190 0.752250 -1
0 6.006312 -7.000127 -7.499523 0.553076 0.633043 -1
0 -24.206251 0.792942 -7.499203 0.557986 0.373106 -1
0 -18.986691 6.000001 -7.499203 0.552862 0.371264 -1
0 -6.002801 24.996647 -7.499523 0.536908 0.304369 -1
0 -6.002801 -7.000127 -7.499523 0.553076 0.633043 -1
14
0.000000 0.000000 1.000000
-0.000027 -0.000004 1.000000
0.000000 -0.000009 1.000000
-0.000000 -0.000004 1.000000
-0.000054 0.000000 1.000000
0.000027 -0.000004 1.000000
0.000054 0.000000 1.000000
0.000000 0.000000 -1.000000
0.000000 -0.000009 -1.000000
-0.000027 -0.000004 -1.000000
-0.000000 -0.000004 -1.000000
-0.000054 0.000000 -1.000000
0.000027 -0.000004 -1.000000
0.000054 0.000000 -1.000000
16
0 0 1 2 0 0 0 1
0 0 2 3 0 0 0 1
0 4 5 6 1 2 3 1
0 4 6 7 1 3 4 1
0 1 0 8 0 0 0 1
0 8 0 9 0 0 0 1
0 5 10 6 2 5 3 1
0 6 10 11 3 5 6 1
0 12 13 14 7 7 7 1
0 14 13 15 7 7 7 1
0 16 17 18 8 9 10 1
0 18 17 19 10 9 11 1
0 13 12 20 7 7 7 1
0 13 20 21 7 7 7 1
0 22 16 18 12 8 10 1
0 22 18 23 12 10 13 1

Materials: 2
"01 - Default"
0.588235 0.588235 0.588235 1.000000
0.588235 0.588235 0.588235 1.000000
0.898039 0.898039 0.898039 1.000000
0.000000 0.000000 0.000000 1.000000
12.799999
1.000000
"textures/Tap Note ani texture.ini"
""
"nomove"
0.200000 0.200000 0.200000 1.000000
0.800000 0.800000 0.800000 1.000000
0.000000 0.000000 0.000000 1.000000
0.000000 0.000000 0.000000 1.000000
0.000000
1.000000
"textures/Tap Note parts (mipmaps).png"
""

Bones: 0