// MilkShape 3D ASCII

Frames: 30
Frame: 1

Meshes: 2
"cells" 0 1
101
1 0.000000 -31.071068 0.000163 0.006081 0.055883 -1
1 32.071068 1.000000 0.000163 0.009453 0.042723 -1
1 0.000000 -28.242641 3.011776 0.006081 0.054724 -1
1 29.242641 1.000000 3.011776 0.009155 0.042723 -1
1 19.000000 14.071068 0.000163 0.008078 0.037359 -1
1 19.000000 11.242641 3.011776 0.008078 0.038520 -1
1 11.000000 6.071067 0.000163 0.007323 0.040642 -1
1 9.000000 1.242640 3.011776 0.007113 0.042548 -1
1 11.000000 30.000000 0.000163 0.007323 0.030823 -1
1 9.000000 28.000000 3.011776 0.007113 0.031643 -1
1 -11.000000 30.000000 0.000163 0.004838 0.030823 -1
1 -9.000000 28.000000 3.011776 0.005048 0.031643 -1
1 -11.000000 6.071067 0.000163 0.004838 0.040642 -1
1 -9.000000 1.242640 3.011776 0.005048 0.042548 -1
1 -19.000000 14.071068 0.000163 0.004083 0.037359 -1
1 -19.000000 11.242641 3.011776 0.004083 0.038520 -1
1 -32.071068 1.000000 0.000163 0.002708 0.042723 -1
1 -29.242641 1.000000 3.011776 0.003006 0.042723 -1
1 0.000000 -28.242641 3.011776 0.125228 0.931724 -1
1 29.242641 1.000000 3.011776 0.239900 0.484203 -1
1 0.000000 -24.000000 7.500001 0.125228 0.866795 -1
1 25.000000 1.000000 7.500001 0.223263 0.484203 -1
1 19.000000 11.242641 3.011776 0.199735 0.327454 -1
1 19.000000 7.000000 7.500001 0.199735 0.392381 -1
1 9.000000 1.242640 3.011776 0.163717 0.477693 -1
1 6.000000 -6.000000 7.500001 0.148757 0.591329 -1
1 9.000000 28.000000 3.011776 0.163717 0.071005 -1
1 6.000000 25.000000 7.500001 0.148757 0.116916 -1
1 -9.000000 28.000000 3.011776 0.086739 0.071005 -1
1 -6.000000 25.000000 7.500001 0.101700 0.116916 -1
1 -9.000000 1.242640 3.011776 0.086739 0.477693 -1
1 -6.000000 -6.000000 7.500001 0.101700 0.591329 -1
1 -19.000000 11.242641 3.011776 0.050723 0.327454 -1
1 -19.000000 7.000000 7.500001 0.050723 0.392381 -1
1 -29.242641 1.000000 3.011776 0.010557 0.484203 -1
1 -25.000000 1.000000 7.500001 0.027194 0.484203 -1
1 0.003530 -23.438393 7.499528 0.126081 0.845583 -1
1 24.219559 0.792938 7.499528 0.217366 0.489018 -1
1 19.000000 6.000001 7.499528 0.197685 0.412396 -1
1 0.003530 -12.972013 7.499528 0.126081 0.691570 -1
1 0.006654 -7.319974 7.499525 0.125228 0.610230 -1
1 -18.986691 6.000001 7.499528 0.054477 0.412396 -1
1 -24.206251 0.792942 7.499528 0.034797 0.489018 -1
1 5.932364 -1.384737 7.499848 0.148492 0.519325 -1
1 -5.928834 -1.384737 7.499848 0.101965 0.519325 -1
1 5.932364 3.797693 7.499848 0.148492 0.441389 -1
1 5.932364 13.678823 7.499848 0.148492 0.290171 -1
1 5.932364 7.850110 7.499849 0.148492 0.379372 -1
1 -5.928834 7.850108 7.499849 0.101965 0.379372 -1
1 -5.928834 13.678824 7.499848 0.101965 0.290171 -1
1 -5.928834 3.797693 7.499848 0.101965 0.441388 -1
1 -5.928834 18.085644 7.499848 0.101965 0.222731 -1
1 -5.928834 23.914360 7.499848 0.101965 0.133530 -1
1 5.932364 18.085644 7.499848 0.148492 0.222731 -1
1 5.932364 23.914360 7.499848 0.148492 0.133530 -1
1 0.000000 -28.242641 -3.011452 0.006081 0.054724 -1
1 29.242641 1.000000 -3.011452 0.009155 0.042723 -1
1 19.000000 11.242641 -3.011452 0.008078 0.038520 -1
1 9.000000 1.242640 -3.011452 0.007113 0.042548 -1
1 9.000000 28.000000 -3.011452 0.007113 0.031643 -1
1 -9.000000 28.000000 -3.011452 0.005048 0.031643 -1
1 -9.000000 1.242640 -3.011452 0.005048 0.042548 -1
1 -19.000000 11.242641 -3.011452 0.004083 0.038520 -1
1 -29.242641 1.000000 -3.011452 0.003006 0.042723 -1
1 29.242641 1.000000 -3.011452 0.239900 0.484203 -1
1 0.000000 -28.242641 -3.011452 0.125228 0.931724 -1
1 0.000000 -24.000000 -7.499676 0.125228 0.866795 -1
1 25.000000 1.000000 -7.499676 0.223263 0.484203 -1
1 19.000000 11.242641 -3.011452 0.199735 0.327454 -1
1 19.000000 7.000000 -7.499676 0.199735 0.392381 -1
1 9.000000 1.242640 -3.011452 0.163717 0.477693 -1
1 6.000000 -6.000000 -7.499676 0.148757 0.591329 -1
1 9.000000 28.000000 -3.011452 0.163717 0.071005 -1
1 6.000000 25.000000 -7.499676 0.148757 0.116916 -1
1 -9.000000 28.000000 -3.011452 0.086739 0.071005 -1
1 -6.000000 25.000000 -7.499676 0.101700 0.116916 -1
1 -9.000000 1.242640 -3.011452 0.086739 0.477693 -1
1 -6.000000 -6.000000 -7.499676 0.101700 0.591329 -1
1 -19.000000 11.242641 -3.011452 0.050723 0.327454 -1
1 -19.000000 7.000000 -7.499676 0.050723 0.392381 -1
1 -29.242641 1.000000 -3.011452 0.010557 0.484203 -1
1 -25.000000 1.000000 -7.499676 0.027194 0.484203 -1
1 0.003530 -23.438393 -7.499203 0.126081 0.845583 -1
1 24.219559 0.792938 -7.499203 0.217366 0.489018 -1
1 19.000000 6.000001 -7.499203 0.197685 0.412396 -1
1 0.003530 -12.972013 -7.499203 0.126081 0.691570 -1
1 0.006654 -7.319974 -7.499200 0.125228 0.610230 -1
1 -18.986691 6.000001 -7.499203 0.054477 0.412396 -1
1 -24.206251 0.792942 -7.499203 0.034797 0.489018 -1
1 5.932364 -1.384737 -7.499523 0.148492 0.519325 -1
1 -5.928834 -1.384737 -7.499523 0.101965 0.519325 -1
1 5.932364 3.797693 -7.499523 0.148492 0.441389 -1
1 5.932364 13.678823 -7.499523 0.148492 0.290171 -1
1 5.932364 7.850110 -7.499523 0.148492 0.379372 -1
1 -5.928834 13.678824 -7.499523 0.101965 0.290171 -1
1 -5.928834 7.850108 -7.499523 0.101965 0.379372 -1
1 -5.928834 3.797693 -7.499523 0.101965 0.441388 -1
1 -5.928834 23.914360 -7.499523 0.101965 0.133530 -1
1 -5.928834 18.085644 -7.499523 0.101965 0.222731 -1
1 5.932364 18.085644 -7.499523 0.148492 0.222731 -1
1 5.932364 23.914360 -7.499523 0.148492 0.133530 -1
118
-0.316228 -0.948683 0.000000
0.948683 -0.316228 0.000000
0.236107 -0.708319 0.665235
0.708319 0.236107 0.665235
0.316228 0.948683 0.000000
-0.236107 0.708319 0.665235
-0.281085 0.959683 0.000000
0.521736 0.285347 0.803971
0.894427 0.447214 0.000000
0.333905 0.667810 0.665235
-0.447214 0.894427 0.000000
-0.667810 0.333905 0.665235
-0.877355 0.479841 0.000000
0.167152 0.570694 0.803971
0.316228 0.948683 0.000000
-0.236106 0.708319 0.665235
-0.948683 0.316228 0.000000
-0.708319 -0.236107 0.665235
-0.235428 -0.706283 0.667637
0.706283 -0.235428 0.667637
0.235428 -0.706283 0.667637
0.706283 0.235428 0.667637
0.235428 0.706283 0.667637
-0.235428 0.706283 0.667637
-0.166452 0.568302 0.805808
0.519549 0.284151 0.805808
0.665890 0.332945 0.667637
0.332945 0.665890 0.667637
-0.332945 0.665890 0.667637
-0.665890 0.332945 0.667637
-0.519549 0.284151 0.805808
0.166452 0.568302 0.805808
0.235428 0.706283 0.667637
-0.235428 0.706283 0.667637
-0.706283 0.235428 0.667637
-0.706283 -0.235428 0.667637
-0.000278 0.000836 1.000000
0.000265 0.000830 1.000000
-0.000717 0.000398 1.000000
-0.000592 -0.000043 1.000000
0.000002 -0.000477 1.000000
0.000000 -0.000473 1.000000
-0.000002 -0.000321 1.000000
-0.001246 -0.000065 0.999999
-0.000000 0.000016 1.000000
-0.000167 -0.000478 1.000000
0.000153 -0.000473 1.000000
0.001181 -0.000065 0.999999
0.000582 -0.000045 1.000000
0.000705 0.000390 1.000000
-0.001175 0.000016 0.999999
0.001119 0.000016 0.999999
-0.001520 -0.000000 0.999999
-0.001348 0.000000 0.999999
-0.001128 -0.000000 0.999999
0.001430 -0.000000 0.999999
0.001602 0.000000 0.999999
0.001084 -0.000000 0.999999
0.001075 0.000000 0.999999
0.001075 -0.000070 0.999999
0.001290 -0.000056 0.999999
-0.001509 0.000000 0.999999
-0.001697 -0.000035 0.999999
-0.000754 -0.000094 1.000000
0.236107 -0.708320 -0.665234
0.708320 0.236107 -0.665234
-0.236107 0.708320 -0.665235
0.521736 0.285347 -0.803970
0.333905 0.667810 -0.665235
-0.667810 0.333905 -0.665235
0.167152 0.570694 -0.803970
-0.236107 0.708320 -0.665234
-0.708320 -0.236107 -0.665234
0.706282 -0.235427 -0.667637
-0.235427 -0.706282 -0.667637
0.235427 -0.706282 -0.667637
0.706282 0.235427 -0.667637
0.235427 0.706282 -0.667637
-0.235428 0.706283 -0.667637
-0.166452 0.568301 -0.805808
0.519549 0.284151 -0.805808
0.665890 0.332945 -0.667637
0.332945 0.665890 -0.667637
-0.332945 0.665890 -0.667637
-0.665890 0.332945 -0.667637
-0.519549 0.284151 -0.805808
0.166452 0.568301 -0.805808
0.235428 0.706283 -0.667637
-0.235428 0.706282 -0.667637
-0.706282 0.235428 -0.667637
-0.706282 -0.235427 -0.667637
0.000265 0.000830 -1.000000
-0.000278 0.000836 -1.000000
-0.000717 0.000398 -1.000000
-0.000592 -0.000043 -1.000000
0.000002 -0.000477 -1.000000
0.000000 -0.000473 -1.000000
-0.000002 -0.000321 -1.000000
-0.000000 0.000016 -1.000000
-0.001248 -0.000065 -0.999999
0.000153 -0.000473 -1.000000
-0.000167 -0.000478 -1.000000
0.001183 -0.000065 -0.999999
0.000582 -0.000045 -1.000000
0.000705 0.000390 -1.000000
-0.001175 0.000016 -0.999999
0.001119 0.000016 -0.999999
-0.001509 0.000000 -0.999999
-0.001358 0.000000 -0.999999
-0.001132 0.000000 -0.999999
0.001613 0.000000 -0.999999
0.001434 0.000000 -0.999999
0.001075 0.000000 -0.999999
0.001075 -0.000070 -0.999999
0.001290 -0.000056 -0.999999
-0.001509 0.000000 -0.999999
-0.001697 -0.000035 -0.999999
-0.000754 -0.000094 -1.000000
140
1 0 1 2 0 1 2 1
1 1 3 2 1 3 2 1
1 1 4 3 1 4 3 1
1 4 5 3 4 5 3 1
1 4 6 5 4 6 5 1
1 6 7 5 6 7 5 1
1 6 8 7 6 8 7 1
1 8 9 7 8 9 7 1
1 8 10 9 8 10 9 1
1 10 11 9 10 11 9 1
1 10 12 11 10 12 11 1
1 12 13 11 12 13 11 1
1 12 14 13 12 14 13 1
1 14 15 13 14 15 13 1
1 14 16 15 14 16 15 1
1 16 17 15 16 17 15 1
1 16 0 17 16 0 17 1
1 0 2 17 0 2 17 1
1 18 19 20 18 19 20 6
1 19 21 20 19 21 20 6
1 19 22 21 19 22 21 6
1 22 23 21 22 23 21 6
1 22 24 23 22 24 23 6
1 24 25 23 24 25 23 6
1 24 26 25 24 26 25 6
1 26 27 25 26 27 25 6
1 26 28 27 26 28 27 6
1 28 29 27 28 29 27 6
1 28 30 29 28 30 29 6
1 30 31 29 30 31 29 6
1 30 32 31 30 32 31 6
1 32 33 31 32 33 31 6
1 32 34 33 32 34 33 6
1 34 35 33 34 35 33 6
1 34 18 35 34 18 35 6
1 18 20 35 18 20 35 6
1 36 20 21 36 37 38 1
1 36 21 37 36 38 39 1
1 37 21 23 39 38 40 1
1 37 23 38 39 40 41 1
1 39 38 23 42 41 40 1
1 25 40 39 43 44 42 1
1 23 25 39 40 43 42 1
1 33 41 39 45 46 42 1
1 39 40 31 42 44 47 1
1 39 31 33 42 47 45 1
1 41 33 35 46 45 48 1
1 41 35 42 46 48 49 1
1 42 35 20 49 48 37 1
1 42 20 36 49 37 36 1
1 25 43 40 43 50 44 1
1 40 44 31 44 51 47 1
1 45 43 25 52 50 43 1
1 25 46 47 43 53 54 1
1 25 47 45 43 54 52 1
1 48 49 31 55 56 47 1
1 31 44 50 47 51 57 1
1 31 50 48 47 57 55 1
1 51 52 29 58 59 60 1
1 29 49 51 60 56 58 1
1 53 46 27 61 53 62 1
1 27 54 53 62 63 61 1
1 27 46 25 62 53 43 1
1 31 49 29 47 56 60 1
1 29 52 54 60 59 63 1
1 29 54 27 60 63 62 1
1 51 49 46 58 56 53 1
1 51 46 53 58 53 61 1
1 47 48 50 54 55 57 1
1 47 50 45 54 57 52 1
1 1 0 55 1 0 64 1
1 56 1 55 65 1 64 1
1 4 1 56 4 1 65 1
1 57 4 56 66 4 65 1
1 6 4 57 6 4 66 1
1 58 6 57 67 6 66 1
1 8 6 58 8 6 67 1
1 59 8 58 68 8 67 1
1 10 8 59 10 8 68 1
1 60 10 59 69 10 68 1
1 12 10 60 12 10 69 1
1 61 12 60 70 12 69 1
1 14 12 61 14 12 70 1
1 62 14 61 71 14 70 1
1 16 14 62 16 14 71 1
1 63 16 62 72 16 71 1
1 0 16 63 0 16 72 1
1 55 0 63 64 0 72 1
1 64 65 66 73 74 75 6
1 67 64 66 76 73 75 6
1 68 64 67 77 73 76 6
1 69 68 67 78 77 76 6
1 70 68 69 79 77 78 6
1 71 70 69 80 79 78 6
1 72 70 71 81 79 80 6
1 73 72 71 82 81 80 6
1 74 72 73 83 81 82 6
1 75 74 73 84 83 82 6
1 76 74 75 85 83 84 6
1 77 76 75 86 85 84 6
1 78 76 77 87 85 86 6
1 79 78 77 88 87 86 6
1 80 78 79 89 87 88 6
1 81 80 79 90 89 88 6
1 65 80 81 74 89 90 6
1 66 65 81 75 74 90 6
1 66 82 67 91 92 93 1
1 67 82 83 93 92 94 1
1 67 83 69 93 94 95 1
1 69 83 84 95 94 96 1
1 84 85 69 96 97 95 1
1 86 71 85 98 99 97 1
1 71 69 85 99 95 97 1
1 87 79 85 100 101 97 1
1 86 85 77 98 97 102 1
1 77 85 79 102 97 101 1
1 79 87 81 101 100 103 1
1 81 87 88 103 100 104 1
1 81 88 66 103 104 91 1
1 66 88 82 91 104 92 1
1 89 71 86 105 99 98 1
1 90 86 77 106 98 102 1
1 89 91 71 105 107 99 1
1 92 71 93 108 99 109 1
1 93 71 91 109 99 107 1
1 94 95 77 110 111 102 1
1 90 77 96 106 102 112 1
1 96 77 95 112 102 111 1
1 97 98 75 113 112 114 1
1 94 75 98 110 114 112 1
1 92 99 73 108 115 116 1
1 100 73 99 117 116 115 1
1 92 73 71 108 116 99 1
1 94 77 75 110 102 114 1
1 97 75 100 113 114 117 1
1 100 75 73 117 114 116 1
1 94 98 92 110 112 108 1
1 92 98 99 108 112 115 1
1 95 93 96 111 109 112 1
1 96 93 91 112 109 107 1
"scroller" 0 0
48
0 0.003530 -12.972013 7.499528 0.553205 0.752422 -1
0 0.003530 -23.438393 7.499528 0.558454 0.859485 -1
0 24.219559 0.792938 7.499528 0.557986 0.373106 -1
0 19.000000 6.000001 7.499528 0.552862 0.371264 -1
0 5.932364 3.797693 7.499848 0.547655 0.522535 -1
0 0.003530 3.797693 7.499848 0.544797 0.580883 -1
0 0.006654 -7.319974 7.499525 0.550369 0.694753 -1
0 5.932364 -1.384737 7.499848 0.550255 0.575546 -1
0 5.932364 23.914360 7.499848 0.537567 0.316758 -1
0 0.003530 23.914360 7.499848 0.534707 0.375107 -1
0 0.003530 18.085644 7.499848 0.537631 0.434730 -1
0 5.932364 18.085644 7.499848 0.540490 0.376381 -1
0 5.932364 13.678823 7.499848 0.542700 0.421459 -1
0 0.003530 13.678824 7.499848 0.539840 0.479808 -1
0 0.003530 7.850108 7.499849 0.542763 0.539430 -1
0 5.932364 7.850110 7.499849 0.545624 0.481081 -1
0 -24.206251 0.792942 7.499528 0.557986 0.373106 -1
0 -18.986691 6.000001 7.499528 0.552862 0.371264 -1
0 -5.928834 3.797693 7.499848 0.547655 0.522535 -1
0 -5.928834 -1.384737 7.499848 0.550255 0.575546 -1
0 -5.928834 23.914360 7.499848 0.537567 0.316758 -1
0 -5.928834 18.085644 7.499848 0.540490 0.376381 -1
0 -5.928834 13.678824 7.499848 0.542700 0.421459 -1
0 -5.928834 7.850108 7.499849 0.545624 0.481081 -1
0 0.003530 -23.438393 -7.499203 0.558454 0.859485 -1
0 0.003530 -12.972013 -7.499203 0.553205 0.752422 -1
0 24.219559 0.792938 -7.499203 0.557986 0.373106 -1
0 19.000000 6.000001 -7.499203 0.552862 0.371264 -1
0 0.003530 3.797693 -7.499523 0.544797 0.580883 -1
0 5.932364 3.797693 -7.499523 0.547655 0.522535 -1
0 0.006654 -7.319974 -7.499200 0.550369 0.694753 -1
0 5.932364 -1.384737 -7.499523 0.550255 0.575546 -1
0 0.003530 23.914360 -7.499523 0.534707 0.375107 -1
0 5.932364 23.914360 -7.499523 0.537567 0.316758 -1
0 0.003530 18.085644 -7.499523 0.537631 0.434730 -1
0 5.932364 18.085644 -7.499523 0.540490 0.376381 -1
0 0.003530 13.678824 -7.499523 0.539840 0.479808 -1
0 5.932364 13.678823 -7.499523 0.542700 0.421459 -1
0 0.003530 7.850108 -7.499523 0.542763 0.539430 -1
0 5.932364 7.850110 -7.499523 0.545624 0.481081 -1
0 -24.206251 0.792942 -7.499203 0.557986 0.373106 -1
0 -18.986691 6.000001 -7.499203 0.552862 0.371264 -1
0 -5.928834 3.797693 -7.499523 0.547655 0.522535 -1
0 -5.928834 -1.384737 -7.499523 0.550255 0.575546 -1
0 -5.928834 23.914360 -7.499523 0.537567 0.316758 -1
0 -5.928834 18.085644 -7.499523 0.540490 0.376381 -1
0 -5.928834 13.678824 -7.499523 0.542700 0.421459 -1
0 -5.928834 7.850108 -7.499523 0.545624 0.481081 -1
19
0.000000 0.000000 1.000000
-0.000027 -0.000015 1.000000
0.000000 -0.000029 1.000000
-0.000000 -0.000015 1.000000
-0.000054 0.000000 1.000000
-0.000000 0.000000 1.000000
0.000000 0.000000 1.000000
-0.000000 0.000000 1.000000
-0.000000 0.000000 1.000000
0.000027 -0.000015 1.000000
0.000054 0.000000 1.000000
0.000000 0.000000 1.000000
0.000000 0.000000 -1.000000
0.000000 -0.000029 -1.000000
-0.000027 -0.000015 -1.000000
-0.000000 -0.000015 -1.000000
-0.000055 0.000000 -1.000000
0.000027 -0.000015 -1.000000
0.000054 0.000000 -1.000000
32
0 0 1 2 0 0 0 1
0 0 2 3 0 0 0 1
0 4 5 6 1 2 3 1
0 4 6 7 1 3 4 1
0 8 9 10 0 0 0 1
0 8 10 11 0 0 0 1
0 12 13 14 5 6 7 1
0 12 14 15 5 7 8 1
0 1 0 16 0 0 0 1
0 16 0 17 0 0 0 1
0 5 18 6 2 9 3 1
0 6 18 19 3 9 10 1
0 9 20 10 0 0 0 1
0 10 20 21 0 0 0 1
0 13 22 14 6 11 7 1
0 14 22 23 7 11 11 1
0 24 25 26 12 12 12 1
0 26 25 27 12 12 12 1
0 28 29 30 13 14 15 1
0 30 29 31 15 14 16 1
0 32 33 34 12 12 12 1
0 34 33 35 12 12 12 1
0 36 37 38 12 12 12 1
0 38 37 39 12 12 12 1
0 25 24 40 12 12 12 1
0 25 40 41 12 12 12 1
0 42 28 30 17 13 15 1
0 42 30 43 17 15 18 1
0 44 32 34 12 12 12 1
0 44 34 45 12 12 12 1
0 46 36 38 12 12 12 1
0 46 38 47 12 12 12 1

Materials: 2
"19 - Default"
0.588235 0.588235 0.588235 1.000000
0.588235 0.588235 0.588235 1.000000
0.898039 0.898039 0.898039 1.000000
0.000000 0.000000 0.000000 1.000000
12.799999
1.000000
"textures/Tap Note ani texture.ini"
""
"shell"
0.588235 0.588235 0.588235 1.000000
0.588235 0.588235 0.588235 1.000000
0.898039 0.898039 0.898039 1.000000
0.000000 0.000000 0.000000 1.000000
12.799999
1.000000
"textures/Tap Note parts (mipmaps).png"
""

Bones: 0