// MilkShape 3D ASCII

Frames: 30
Frame: 1

Meshes: 2
"frame" 1 1
36
0 1.500000 28.000000 0.000005 0.065523 0.068416 -1
0 2.000000 30.000000 0.000005 0.063171 0.069380 -1
0 -2.000000 30.000000 0.000005 0.087725 0.071097 -1
0 -1.500000 28.000000 0.000005 0.085475 0.069820 -1
0 8.000000 21.500000 0.000004 0.032200 0.128497 -1
0 10.000000 22.000000 0.000004 0.028876 0.147933 -1
0 10.000000 0.000000 0.000000 0.011447 0.497174 -1
0 18.500000 10.000000 0.000002 0.015941 0.343234 -1
0 18.000000 12.000000 0.000002 0.016983 0.314690 -1
0 10.000000 4.000000 0.000001 0.014775 0.378867 -1
0 23.500000 10.000000 0.000002 0.014987 0.372102 -1
0 24.000000 12.000000 0.000002 0.015605 0.353105 -1
0 -18.500000 10.000000 0.000002 0.131996 0.348850 -1
0 -10.000000 4.000000 0.000001 0.133143 0.384499 -1
0 -18.000000 12.000000 0.000002 0.130975 0.320288 -1
0 -10.000000 0.000000 0.000000 0.136447 0.502826 -1
0 -8.000000 21.500000 0.000004 0.116488 0.133426 -1
0 -10.000000 22.000000 0.000004 0.119596 0.153069 -1
0 28.000000 5.500000 0.000001 0.013081 0.436815 -1
0 30.000000 6.000000 0.000001 0.013111 0.435746 -1
0 30.000000 0.000000 0.000000 0.011447 0.497174 -1
0 28.000000 0.500000 0.000000 0.011596 0.491616 -1
0 0.000000 -27.500000 -0.000004 0.072472 0.932979 -1
0 0.000000 -30.000000 -0.000005 0.072472 0.932979 -1
0 30.000000 0.000000 0.000000 0.011625 0.497174 -1
0 28.000000 0.500000 0.000000 0.011477 0.491616 -1
0 -28.000000 0.500000 0.000000 0.136299 0.497268 -1
0 -30.000000 0.000000 0.000000 0.136447 0.502826 -1
0 -28.000000 5.500000 0.000001 0.134819 0.442462 -1
0 -30.000000 6.000000 0.000001 0.134789 0.441393 -1
0 -23.500000 10.000000 0.000002 0.132934 0.377733 -1
0 -24.000000 12.000000 0.000002 0.132325 0.358726 -1
0 8.000000 0.000000 0.000000 0.011447 0.497174 -1
0 -8.000000 0.000000 0.000000 0.136447 0.502826 -1
0 -10.000000 1.500000 0.000000 0.135203 0.456484 -1
0 10.000000 1.500000 0.000000 0.012695 0.450835 -1
1
-0.000000 -0.000000 1.000000
30
0 0 1 2 0 0 0 1
0 3 0 2 0 0 0 1
0 4 5 1 0 0 0 1
0 1 0 4 0 0 0 1
0 5 4 6 0 0 0 1
0 7 8 9 0 0 0 1
0 10 11 8 0 0 0 1
0 8 7 10 0 0 0 1
0 12 13 14 0 0 0 1
0 15 16 17 0 0 0 1
0 16 3 2 0 0 0 1
0 16 2 17 0 0 0 1
0 18 19 11 0 0 0 1
0 11 10 18 0 0 0 1
0 20 19 18 0 0 0 1
0 18 21 20 0 0 0 1
0 22 23 24 0 0 0 1
0 24 25 22 0 0 0 1
0 22 26 27 0 0 0 1
0 27 23 22 0 0 0 1
0 28 29 27 0 0 0 1
0 27 26 28 0 0 0 1
0 30 31 29 0 0 0 1
0 29 28 30 0 0 0 1
0 12 14 31 0 0 0 1
0 31 30 12 0 0 0 1
0 4 32 6 0 0 0 1
0 15 33 16 0 0 0 1
0 34 13 12 0 0 0 1
0 7 9 35 0 0 0 1
"fill" 1 0
29
0 1.500000 21.000000 0.000003 0.503271 0.001033 -1
0 -1.500000 21.000000 0.000003 0.503271 0.001033 -1
0 -4.000000 18.500000 0.000003 0.503271 0.001033 -1
0 4.000000 18.500000 0.000003 0.503271 0.001033 -1
0 -4.000000 9.000000 0.000001 0.503271 0.001033 -1
0 4.000000 9.000000 0.000001 0.503271 0.001033 -1
0 0.000000 5.000000 0.000001 0.503271 0.001033 -1
0 1.500000 4.000000 0.000001 0.510899 0.001033 -1
0 4.000000 -5.000000 -0.000001 0.510899 0.001033 -1
0 4.000000 6.500000 0.000001 0.510899 0.001033 -1
0 0.000000 -9.000000 -0.000001 0.510899 0.001033 -1
0 -1.500000 4.000000 0.000001 0.510899 0.001033 -1
0 -4.000000 6.500000 0.000001 0.510899 0.001033 -1
0 -4.000000 -5.000000 -0.000001 0.510899 0.001033 -1
0 -1.500000 -10.000000 -0.000002 0.519033 0.001033 -1
0 0.000000 -21.500000 -0.000004 0.519033 0.001033 -1
0 1.500000 -10.000000 -0.000002 0.519033 0.001033 -1
0 8.500000 -6.000000 -0.000001 0.519033 0.001033 -1
0 -8.500000 -6.000000 -0.000001 0.519033 0.001033 -1
0 23.000000 4.000000 0.000001 0.521130 0.001033 -1
0 22.000000 5.000000 0.000001 0.521130 0.001033 -1
0 19.500000 5.000000 0.000001 0.521130 0.001033 -1
0 23.000000 1.500000 0.000000 0.521130 0.001033 -1
0 -19.500000 5.000000 0.000001 0.517491 0.001033 -1
0 -22.000000 5.000000 0.000001 0.517491 0.001033 -1
0 -23.000000 4.000000 0.000001 0.517491 0.001033 -1
0 -23.000000 1.500000 0.000000 0.517491 0.001033 -1
0 5.500000 -6.000000 -0.000001 0.519033 0.001033 -1
0 -5.500000 -6.000000 -0.000001 0.519033 0.001033 -1
1
0.000000 -0.000000 1.000000
23
0 0 1 2 0 0 0 1
0 2 3 0 0 0 0 1
0 4 5 3 0 0 0 1
0 4 3 2 0 0 0 1
0 4 6 5 0 0 0 1
0 7 8 9 0 0 0 1
0 10 8 7 0 0 0 1
0 10 7 11 0 0 0 1
0 10 11 12 0 0 0 1
0 12 13 10 0 0 0 1
0 14 15 16 0 0 0 1
0 15 17 16 0 0 0 1
0 15 14 18 0 0 0 1
0 19 20 21 0 0 0 1
0 21 22 19 0 0 0 1
0 23 24 25 0 0 0 1
0 23 25 26 0 0 0 1
0 15 18 23 0 0 0 1
0 23 26 15 0 0 0 1
0 21 17 15 0 0 0 1
0 15 22 21 0 0 0 1
0 16 17 27 0 0 0 1
0 14 28 18 0 0 0 1

Materials: 2
"fill"
0.200000 0.200000 0.200000 1.000000
0.800000 0.800000 0.800000 1.000000
0.000000 0.000000 0.000000 1.000000
0.000000 0.000000 0.000000 1.000000
0.128000
1.000000
"textures\Tap Lift2 parts (mipmaps).ini"
""
"frame"
0.200000 0.200000 0.200000 1.000000
0.800000 0.800000 0.800000 1.000000
0.000000 0.000000 0.000000 1.000000
0.000000 0.000000 0.000000 1.000000
0.128000
1.000000
"textures\Tap Lift parts (mipmaps).ini"
""

Bones: 0
GroupComments: 0
MaterialComments: 0
BoneComments: 0
ModelComment: 0
